-- MySQL dump 10.16  Distrib 10.1.19-MariaDB, for Win32 (AMD64)
--
-- Host: localhost    Database: localhost
-- ------------------------------------------------------
-- Server version	10.1.19-MariaDB

/*!40101 SET @OLD_CHARACTER_SET_CLIENT=@@CHARACTER_SET_CLIENT */;
/*!40101 SET @OLD_CHARACTER_SET_RESULTS=@@CHARACTER_SET_RESULTS */;
/*!40101 SET @OLD_COLLATION_CONNECTION=@@COLLATION_CONNECTION */;
/*!40101 SET NAMES utf8 */;
/*!40103 SET @OLD_TIME_ZONE=@@TIME_ZONE */;
/*!40103 SET TIME_ZONE='+00:00' */;
/*!40014 SET @OLD_UNIQUE_CHECKS=@@UNIQUE_CHECKS, UNIQUE_CHECKS=0 */;
/*!40014 SET @OLD_FOREIGN_KEY_CHECKS=@@FOREIGN_KEY_CHECKS, FOREIGN_KEY_CHECKS=0 */;
/*!40101 SET @OLD_SQL_MODE=@@SQL_MODE, SQL_MODE='NO_AUTO_VALUE_ON_ZERO' */;
/*!40111 SET @OLD_SQL_NOTES=@@SQL_NOTES, SQL_NOTES=0 */;

--
-- Table structure for table `plan_checklists`
--

DROP TABLE IF EXISTS `plan_checklists`;
/*!40101 SET @saved_cs_client     = @@character_set_client */;
/*!40101 SET character_set_client = utf8 */;
CREATE TABLE `plan_checklists` (
  `no` int(10) unsigned NOT NULL AUTO_INCREMENT,
  `plan` int(10) unsigned NOT NULL,
  `checklist` int(10) unsigned NOT NULL,
  PRIMARY KEY (`no`),
  KEY `plan_checklists_plan_foreign` (`plan`),
  KEY `plan_checklists_checklist_foreign` (`checklist`),
  CONSTRAINT `plan_checklists_checklist_foreign` FOREIGN KEY (`checklist`) REFERENCES `checklists` (`no`),
  CONSTRAINT `plan_checklists_plan_foreign` FOREIGN KEY (`plan`) REFERENCES `field_learning_plans` (`no`)
) ENGINE=InnoDB AUTO_INCREMENT=766 DEFAULT CHARSET=utf8 COLLATE=utf8_unicode_ci;
/*!40101 SET character_set_client = @saved_cs_client */;

--
-- Dumping data for table `plan_checklists`
--

LOCK TABLES `plan_checklists` WRITE;
/*!40000 ALTER TABLE `plan_checklists` DISABLE KEYS */;
INSERT INTO `plan_checklists` VALUES (1,1,1),(2,1,2),(3,1,3),(4,1,4),(5,1,5),(6,1,6),(7,1,7),(8,1,8),(9,1,9),(10,1,10),(11,1,11),(12,1,12),(13,1,13),(14,1,14),(15,1,15),(16,1,16),(17,1,17),(18,1,18),(19,1,19),(20,1,20),(21,1,21),(22,1,22),(23,1,23),(24,1,24),(25,1,25),(26,1,26),(27,1,27),(28,1,28),(29,1,29),(30,1,30),(31,1,31),(32,1,32),(33,1,33),(34,1,34),(35,1,35),(36,1,36),(37,1,37),(38,1,38),(39,1,39),(40,1,40),(41,1,41),(42,1,42),(43,1,43),(44,1,44),(45,1,45),(46,1,46),(47,1,47),(48,1,48),(49,1,49),(50,1,50),(51,1,51),(52,1,52),(53,1,53),(54,1,54),(55,1,55),(56,1,56),(57,1,57),(58,1,58),(59,1,59),(60,1,60),(61,1,61),(62,1,62),(63,1,63),(64,1,64),(65,1,65),(66,1,66),(67,1,67),(68,1,68),(69,1,69),(70,1,70),(71,1,71),(72,1,72),(73,1,73),(74,1,74),(75,1,75),(76,1,76),(77,1,77),(78,1,78),(79,1,79),(80,1,80),(81,1,81),(82,1,82),(83,1,83),(84,1,84),(85,1,85),(86,2,1),(87,2,2),(88,2,3),(89,2,4),(90,2,5),(91,2,6),(92,2,7),(93,2,8),(94,2,9),(95,2,10),(96,2,11),(97,2,12),(98,2,13),(99,2,14),(100,2,15),(101,2,16),(102,2,17),(103,2,18),(104,2,19),(105,2,20),(106,2,21),(107,2,22),(108,2,23),(109,2,24),(110,2,25),(111,2,26),(112,2,27),(113,2,28),(114,2,29),(115,2,30),(116,2,31),(117,2,32),(118,2,33),(119,2,34),(120,2,35),(121,2,36),(122,2,37),(123,2,38),(124,2,39),(125,2,40),(126,2,41),(127,2,42),(128,2,43),(129,2,44),(130,2,45),(131,2,46),(132,2,47),(133,2,48),(134,2,49),(135,2,50),(136,2,51),(137,2,52),(138,2,53),(139,2,54),(140,2,55),(141,2,56),(142,2,57),(143,2,58),(144,2,59),(145,2,60),(146,2,61),(147,2,62),(148,2,63),(149,2,64),(150,2,65),(151,2,66),(152,2,67),(153,2,68),(154,2,69),(155,2,70),(156,2,71),(157,2,72),(158,2,73),(159,2,74),(160,2,75),(161,2,76),(162,2,77),(163,2,78),(164,2,79),(165,2,80),(166,2,81),(167,2,82),(168,2,83),(169,2,84),(170,2,85),(171,3,1),(172,3,2),(173,3,3),(174,3,4),(175,3,5),(176,3,6),(177,3,7),(178,3,8),(179,3,9),(180,3,10),(181,3,11),(182,3,12),(183,3,13),(184,3,14),(185,3,15),(186,3,16),(187,3,17),(188,3,18),(189,3,19),(190,3,20),(191,3,21),(192,3,22),(193,3,23),(194,3,24),(195,3,25),(196,3,26),(197,3,27),(198,3,28),(199,3,29),(200,3,30),(201,3,31),(202,3,32),(203,3,33),(204,3,34),(205,3,35),(206,3,36),(207,3,37),(208,3,38),(209,3,39),(210,3,40),(211,3,41),(212,3,42),(213,3,43),(214,3,44),(215,3,45),(216,3,46),(217,3,47),(218,3,48),(219,3,49),(220,3,50),(221,3,51),(222,3,52),(223,3,53),(224,3,54),(225,3,55),(226,3,56),(227,3,57),(228,3,58),(229,3,59),(230,3,60),(231,3,61),(232,3,62),(233,3,63),(234,3,64),(235,3,65),(236,3,66),(237,3,67),(238,3,68),(239,3,69),(240,3,70),(241,3,71),(242,3,72),(243,3,73),(244,3,74),(245,3,75),(246,3,76),(247,3,77),(248,3,78),(249,3,79),(250,3,80),(251,3,81),(252,3,82),(253,3,83),(254,3,84),(255,3,85),(256,4,1),(257,4,2),(258,4,3),(259,4,4),(260,4,5),(261,4,6),(262,4,7),(263,4,8),(264,4,9),(265,4,10),(266,4,11),(267,4,12),(268,4,13),(269,4,14),(270,4,15),(271,4,16),(272,4,17),(273,4,18),(274,4,19),(275,4,20),(276,4,21),(277,4,22),(278,4,23),(279,4,24),(280,4,25),(281,4,26),(282,4,27),(283,4,28),(284,4,29),(285,4,30),(286,4,31),(287,4,32),(288,4,33),(289,4,34),(290,4,35),(291,4,36),(292,4,37),(293,4,38),(294,4,39),(295,4,40),(296,4,41),(297,4,42),(298,4,43),(299,4,44),(300,4,45),(301,4,46),(302,4,47),(303,4,48),(304,4,49),(305,4,50),(306,4,51),(307,4,52),(308,4,53),(309,4,54),(310,4,55),(311,4,56),(312,4,57),(313,4,58),(314,4,59),(315,4,60),(316,4,61),(317,4,62),(318,4,63),(319,4,64),(320,4,65),(321,4,66),(322,4,67),(323,4,68),(324,4,69),(325,4,70),(326,4,71),(327,4,72),(328,4,73),(329,4,74),(330,4,75),(331,4,76),(332,4,77),(333,4,78),(334,4,79),(335,4,80),(336,4,81),(337,4,82),(338,4,83),(339,4,84),(340,4,85),(341,5,1),(342,5,2),(343,5,3),(344,5,4),(345,5,5),(346,5,6),(347,5,7),(348,5,8),(349,5,9),(350,5,10),(351,5,11),(352,5,12),(353,5,13),(354,5,14),(355,5,15),(356,5,16),(357,5,17),(358,5,18),(359,5,19),(360,5,20),(361,5,21),(362,5,22),(363,5,23),(364,5,24),(365,5,25),(366,5,26),(367,5,27),(368,5,28),(369,5,29),(370,5,30),(371,5,31),(372,5,32),(373,5,33),(374,5,34),(375,5,35),(376,5,36),(377,5,37),(378,5,38),(379,5,39),(380,5,40),(381,5,41),(382,5,42),(383,5,43),(384,5,44),(385,5,45),(386,5,46),(387,5,47),(388,5,48),(389,5,49),(390,5,50),(391,5,51),(392,5,52),(393,5,53),(394,5,54),(395,5,55),(396,5,56),(397,5,57),(398,5,58),(399,5,59),(400,5,60),(401,5,61),(402,5,62),(403,5,63),(404,5,64),(405,5,65),(406,5,66),(407,5,67),(408,5,68),(409,5,69),(410,5,70),(411,5,71),(412,5,72),(413,5,73),(414,5,74),(415,5,75),(416,5,76),(417,5,77),(418,5,78),(419,5,79),(420,5,80),(421,5,81),(422,5,82),(423,5,83),(424,5,84),(425,5,85),(426,6,1),(427,6,2),(428,6,3),(429,6,4),(430,6,5),(431,6,6),(432,6,7),(433,6,8),(434,6,9),(435,6,10),(436,6,11),(437,6,12),(438,6,13),(439,6,14),(440,6,15),(441,6,16),(442,6,17),(443,6,18),(444,6,19),(445,6,20),(446,6,21),(447,6,22),(448,6,23),(449,6,24),(450,6,25),(451,6,26),(452,6,27),(453,6,28),(454,6,29),(455,6,30),(456,6,31),(457,6,32),(458,6,33),(459,6,34),(460,6,35),(461,6,36),(462,6,37),(463,6,38),(464,6,39),(465,6,40),(466,6,41),(467,6,42),(468,6,43),(469,6,44),(470,6,45),(471,6,46),(472,6,47),(473,6,48),(474,6,49),(475,6,50),(476,6,51),(477,6,52),(478,6,53),(479,6,54),(480,6,55),(481,6,56),(482,6,57),(483,6,58),(484,6,59),(485,6,60),(486,6,61),(487,6,62),(488,6,63),(489,6,64),(490,6,65),(491,6,66),(492,6,67),(493,6,68),(494,6,69),(495,6,70),(496,6,71),(497,6,72),(498,6,73),(499,6,74),(500,6,75),(501,6,76),(502,6,77),(503,6,78),(504,6,79),(505,6,80),(506,6,81),(507,6,82),(508,6,83),(509,6,84),(510,6,85),(511,7,1),(512,7,2),(513,7,3),(514,7,4),(515,7,5),(516,7,6),(517,7,7),(518,7,8),(519,7,9),(520,7,10),(521,7,11),(522,7,12),(523,7,13),(524,7,14),(525,7,15),(526,7,16),(527,7,17),(528,7,18),(529,7,19),(530,7,20),(531,7,21),(532,7,22),(533,7,23),(534,7,24),(535,7,25),(536,7,26),(537,7,27),(538,7,28),(539,7,29),(540,7,30),(541,7,31),(542,7,32),(543,7,33),(544,7,34),(545,7,35),(546,7,36),(547,7,37),(548,7,38),(549,7,39),(550,7,40),(551,7,41),(552,7,42),(553,7,43),(554,7,44),(555,7,45),(556,7,46),(557,7,47),(558,7,48),(559,7,49),(560,7,50),(561,7,51),(562,7,52),(563,7,53),(564,7,54),(565,7,55),(566,7,56),(567,7,57),(568,7,58),(569,7,59),(570,7,60),(571,7,61),(572,7,62),(573,7,63),(574,7,64),(575,7,65),(576,7,66),(577,7,67),(578,7,68),(579,7,69),(580,7,70),(581,7,71),(582,7,72),(583,7,73),(584,7,74),(585,7,75),(586,7,76),(587,7,77),(588,7,78),(589,7,79),(590,7,80),(591,7,81),(592,7,82),(593,7,83),(594,7,84),(595,7,85),(596,8,1),(597,8,2),(598,8,3),(599,8,4),(600,8,5),(601,8,6),(602,8,7),(603,8,8),(604,8,9),(605,8,10),(606,8,11),(607,8,12),(608,8,13),(609,8,14),(610,8,15),(611,8,16),(612,8,17),(613,8,18),(614,8,19),(615,8,20),(616,8,21),(617,8,22),(618,8,23),(619,8,24),(620,8,25),(621,8,26),(622,8,27),(623,8,28),(624,8,29),(625,8,30),(626,8,31),(627,8,32),(628,8,33),(629,8,34),(630,8,35),(631,8,36),(632,8,37),(633,8,38),(634,8,39),(635,8,40),(636,8,41),(637,8,42),(638,8,43),(639,8,44),(640,8,45),(641,8,46),(642,8,47),(643,8,48),(644,8,49),(645,8,50),(646,8,51),(647,8,52),(648,8,53),(649,8,54),(650,8,55),(651,8,56),(652,8,57),(653,8,58),(654,8,59),(655,8,60),(656,8,61),(657,8,62),(658,8,63),(659,8,64),(660,8,65),(661,8,66),(662,8,67),(663,8,68),(664,8,69),(665,8,70),(666,8,71),(667,8,72),(668,8,73),(669,8,74),(670,8,75),(671,8,76),(672,8,77),(673,8,78),(674,8,79),(675,8,80),(676,8,81),(677,8,82),(678,8,83),(679,8,84),(680,8,85),(681,9,1),(682,9,2),(683,9,3),(684,9,4),(685,9,5),(686,9,6),(687,9,7),(688,9,8),(689,9,9),(690,9,10),(691,9,11),(692,9,12),(693,9,13),(694,9,14),(695,9,15),(696,9,16),(697,9,17),(698,9,18),(699,9,19),(700,9,20),(701,9,21),(702,9,22),(703,9,23),(704,9,24),(705,9,25),(706,9,26),(707,9,27),(708,9,28),(709,9,29),(710,9,30),(711,9,31),(712,9,32),(713,9,33),(714,9,34),(715,9,35),(716,9,36),(717,9,37),(718,9,38),(719,9,39),(720,9,40),(721,9,41),(722,9,42),(723,9,43),(724,9,44),(725,9,45),(726,9,46),(727,9,47),(728,9,48),(729,9,49),(730,9,50),(731,9,51),(732,9,52),(733,9,53),(734,9,54),(735,9,55),(736,9,56),(737,9,57),(738,9,58),(739,9,59),(740,9,60),(741,9,61),(742,9,62),(743,9,63),(744,9,64),(745,9,65),(746,9,66),(747,9,67),(748,9,68),(749,9,69),(750,9,70),(751,9,71),(752,9,72),(753,9,73),(754,9,74),(755,9,75),(756,9,76),(757,9,77),(758,9,78),(759,9,79),(760,9,80),(761,9,81),(762,9,82),(763,9,83),(764,9,84),(765,9,85);
/*!40000 ALTER TABLE `plan_checklists` ENABLE KEYS */;
UNLOCK TABLES;
/*!40103 SET TIME_ZONE=@OLD_TIME_ZONE */;

/*!40101 SET SQL_MODE=@OLD_SQL_MODE */;
/*!40014 SET FOREIGN_KEY_CHECKS=@OLD_FOREIGN_KEY_CHECKS */;
/*!40014 SET UNIQUE_CHECKS=@OLD_UNIQUE_CHECKS */;
/*!40101 SET CHARACTER_SET_CLIENT=@OLD_CHARACTER_SET_CLIENT */;
/*!40101 SET CHARACTER_SET_RESULTS=@OLD_CHARACTER_SET_RESULTS */;
/*!40101 SET COLLATION_CONNECTION=@OLD_COLLATION_CONNECTION */;
/*!40111 SET SQL_NOTES=@OLD_SQL_NOTES */;

-- Dump completed on 2017-08-04 21:28:21
